10 -7596359.423381
10 -7649532.717928
10 -7596359.300553
10 -7775280.242831
10 -7596359.364086
2 -11639201.699417
2 -11517320.455859
2 -11517320.522817
2 -11639201.678445
2 -11639201.680981
3 -10248651.363292
3 -10248651.400245
3 -10248651.254286
3 -10248651.360505
3 -10248651.44351
4 -9641370.673188
4 -9769603.771627
4 -9641370.71249
4 -9722592.29626
4 -9722592.219498
5 -9243240.316138
5 -9115978.132956
5 -9243240.34005
5 -9162652.447205
5 -9115980.104525
6 -8942518.666818
6 -8636945.748991
6 -8636945.821184
6 -8895687.690766
6 -8636945.799871
7 -8420649.403551
7 -8486599.219966
7 -8420648.687927
7 -8295019.266199
7 -8420648.752086
8 -8069630.731791
8 -8078770.339767
8 -8078768.742214
8 -8069630.820926
8 -8078769.721609
9 -8063219.490502
9 -7918575.249979
9 -7962364.344344
9 -7924909.211166
9 -7811514.57399
