-7596359.423381
-7649532.717928
-7596359.300553
-7775280.242831
-7596359.364086
-11639201.699417
-11517320.455859
-11517320.522817
-11639201.678445
-11639201.680981
-10248651.363292
-10248651.400245
-10248651.254286
-10248651.360505
-10248651.443510
-9641370.673188
-9769603.771627
-9641370.712490
-9722592.296260
-9722592.219498
-9243240.316138
-9115978.132956
-9243240.340050
-9162652.447205
-9115980.104525
-8942518.666818
-8636945.748991
-8636945.821184
-8895687.690766
-8636945.799871
-8420649.403551
-8486599.219966
-8420648.687927
-8295019.266199
-8420648.752086
-8069630.731791
-8078770.339767
-8078768.742214
-8069630.820926
-8078769.721609
-8063219.490502
-7918575.249979
-7962364.344344
-7924909.211166
-7811514.573990
