Sample	FastQC_mqc-generalstats-fastqc-percent_duplicates	FastQC_mqc-generalstats-fastqc-percent_gc	FastQC_mqc-generalstats-fastqc-avg_sequence_length	FastQC_mqc-generalstats-fastqc-median_sequence_length	FastQC_mqc-generalstats-fastqc-percent_fails	FastQC_mqc-generalstats-fastqc-total_sequences
JS6277_1_trimpaired	27.606653339625183	30.0	148.8767738812579	150	0.0	38712921.0
JS6277_1_trimunpaired	4.97864464313011	30.0	136.49836151919342	150	0.0	334151.0
JS6277_2_trimpaired	27.40427525864024	30.0	148.1932883338873	150	0.0	38712921.0
JS6277_2_trimunpaired	5.355928700570686	29.0	137.08839768820226	150	9.090909090909092	108487.0
JS6278_1_trimpaired	74.11499032719418	35.0	148.88203683256262	150	18.181818181818183	38186428.0
JS6278_1_trimunpaired	53.32818324670037	46.0	126.61278890438956	150	36.36363636363637	665921.0
JS6278_2_trimpaired	74.1123933179931	35.0	148.13066068918516	150	18.181818181818183	38186428.0
JS6278_2_trimunpaired	21.809095452273866	33.0	134.66001544682203	150	18.181818181818183	110055.0
JS6279_1_trimpaired	28.498121768856137	28.0	148.70554501664205	150	0.0	38440606.0
JS6279_1_trimunpaired	4.024107346900635	28.0	134.40592612630456	150	0.0	414031.0
JS6279_2_trimpaired	28.031777481047442	28.0	147.803020353009	150	0.0	38440606.0
JS6279_2_trimunpaired	5.006805964770379	27.0	135.82892679201368	150	9.090909090909092	109988.0
JS6280_1_trimpaired	31.417723628017185	30.0	148.77471945434274	150	0.0	35240877.0
JS6280_1_trimunpaired	14.367349263349709	32.0	125.11877011972172	147	18.181818181818183	466582.0
JS6280_2_trimpaired	31.082988533703016	30.0	147.82280426789606	150	0.0	35240877.0
JS6280_2_trimunpaired	5.375032308089942	29.0	133.50997156888084	150	9.090909090909092	96725.0
JS6281_1_trimpaired	24.253641269283563	30.0	148.77765012230245	150	0.0	37274808.0
JS6281_1_trimunpaired	4.56652460705638	30.0	133.53569250139444	150	0.0	306577.0
JS6281_2_trimpaired	24.32977567441347	30.0	148.26483758145716	150	0.0	37274808.0
JS6281_2_trimunpaired	5.1417470155313225	29.0	137.21662180169383	150	9.090909090909092	111817.0
JS6342_1_trimpaired	47.96097341789917	29.0	149.23039821116936	150	0.0	35853590.0
JS6342_1_trimunpaired	16.07407648108496	30.0	136.88356145054325	150	18.181818181818183	141740.0
JS6342_2_trimpaired	42.285276387186435	29.0	149.12321368655134	150	0.0	35853590.0
JS6342_2_trimunpaired	5.991840091087354	28.0	140.77846479853247	150	18.181818181818183	63236.0
JS6343_1_trimpaired	31.724267943267876	27.0	149.10372897209353	150	0.0	64253900.0
JS6343_1_trimunpaired	8.553896544392927	27.0	139.5653941479939	150	0.0	514832.0
JS6343_2_trimpaired	28.73487008137208	27.0	148.09469913888495	150	0.0	64253900.0
JS6343_2_trimunpaired	8.150678150678146	25.0	139.23290763290763	150	9.090909090909092	101010.0
JS6344_1_trimpaired	34.63486992443403	28.0	149.10997548325795	150	0.0	50703719.0
JS6344_1_trimunpaired	9.033299751624654	27.0	142.71463011581906	150	9.090909090909092	279574.0
JS6344_2_trimpaired	33.54882745923878	28.0	148.76371011365063	150	0.0	50703719.0
JS6344_2_trimunpaired	7.3481442299215445	26.0	140.45511548972934	150	18.181818181818183	90744.0
JS6345_1_trimpaired	28.769283086296213	27.0	149.07390852643923	150	9.090909090909092	45388525.0
JS6345_1_trimunpaired	4.392607196072106	27.0	142.39409086014595	150	0.0	287893.0
JS6345_2_trimpaired	22.912720500093727	27.0	148.6276450931155	150	0.0	45388525.0
JS6345_2_trimunpaired	5.57103747989737	25.0	139.57404520176289	150	9.090909090909092	81457.0
JS6346_1_trimpaired	45.145508180576485	32.0	149.31972863384095	150	0.0	3718813.0
JS6346_1_trimunpaired	6.6077103772281305	33.0	142.8415365482935	150	18.181818181818183	36185.0
JS6346_2_trimpaired	42.68661691713821	32.0	148.76769711195482	150	0.0	3718813.0
JS6346_2_trimunpaired	6.474820143884898	34.0	137.73709727869877	150	18.181818181818183	6394.0
JS6347_1_trimpaired	29.140001927625647	28.0	149.0785638368563	150	9.090909090909092	40436938.0
JS6347_1_trimunpaired	6.28177196507275	28.0	142.52735533668738	150	9.090909090909092	244084.0
JS6347_2_trimpaired	23.904780518788456	28.0	148.65484354923214	150	9.090909090909092	40436938.0
JS6347_2_trimunpaired	5.576187339714394	26.0	138.63245371862607	150	18.181818181818183	71357.0
JS6348_1_trimpaired	28.40762768765265	52.0	149.0699320238601	150	9.090909090909092	4251786.0
JS6348_1_trimunpaired	8.856417338619863	54.0	139.6263197754711	150	18.181818181818183	22447.0
JS6348_2_trimpaired	27.73951923075937	52.0	149.36304955141205	150	9.090909090909092	4251786.0
JS6348_2_trimunpaired	13.158451449122069	56.0	144.16218884422818	150	18.181818181818183	14181.0
JS6349_1_trimpaired	31.668757465960056	28.0	148.96256058647074	150	0.0	42259022.0
JS6349_1_trimunpaired	5.250395949637678	28.0	142.36100913389527	150	9.090909090909092	238343.0
JS6349_2_trimpaired	29.47208112015116	28.0	148.75049926616853	150	0.0	42259022.0
JS6349_2_trimunpaired	7.645540277119224	27.0	141.746209367262	150	18.181818181818183	94905.0
JS6350_1_trimpaired	48.241604157269194	29.0	149.24595181892357	150	9.090909090909092	36177606.0
JS6350_1_trimunpaired	6.997335603888416	29.0	143.04618991681707	150	18.181818181818183	209418.0
JS6350_2_trimpaired	41.41890798759154	29.0	148.85348596587625	150	9.090909090909092	36177606.0
JS6350_2_trimunpaired	7.003603437124639	28.0	138.79499214635499	150	18.181818181818183	54115.0
JS6351_1_trimpaired	26.251185992521997	27.0	149.10013114106562	150	18.181818181818183	37731888.0
JS6351_1_trimunpaired	8.009212289539136	27.0	143.22370889218993	150	18.181818181818183	184454.0
JS6351_2_trimpaired	22.300324956535988	27.0	148.8551949746061	150	9.090909090909092	37731888.0
JS6351_2_trimunpaired	5.984293423419473	26.0	140.90208982289883	150	18.181818181818183	68379.0
JS6352_1_trimpaired	32.51330132853771	28.0	149.13396876787965	150	9.090909090909092	54821382.0
JS6352_1_trimunpaired	5.220937702161038	27.0	142.60354686426467	150	9.090909090909092	270718.0
JS6352_2_trimpaired	30.017348314416807	28.0	148.81485318994694	150	9.090909090909092	54821382.0
JS6352_2_trimunpaired	6.945877396612502	26.0	140.45064912733213	150	18.181818181818183	93048.0
JS6353_1_trimpaired	27.470130154880437	27.0	149.11626846393457	150	9.090909090909092	40214817.0
JS6353_1_trimunpaired	7.156087584889619	27.0	142.96909922357824	150	9.090909090909092	172973.0
JS6353_2_trimpaired	25.58402354369042	27.0	148.86821414604472	150	9.090909090909092	40214817.0
JS6353_2_trimunpaired	5.864986089820022	25.0	141.67840515528303	150	18.181818181818183	70452.0
JS6354_1_trimpaired	29.70700353541625	27.0	148.9573927825587	150	0.0	44323852.0
JS6354_1_trimunpaired	4.294636848312294	27.0	142.57312742038428	150	9.090909090909092	255383.0
JS6354_2_trimpaired	27.352672674807792	27.0	148.78026654813306	150	0.0	44323852.0
JS6354_2_trimunpaired	6.973892607162924	26.0	141.28302253103766	150	18.181818181818183	97865.0
JS6355_1_trimpaired	37.23898732641743	28.0	149.12933146958088	150	0.0	55047368.0
JS6355_1_trimunpaired	10.539718504964611	27.0	139.61660718875422	150	0.0	404632.0
JS6355_2_trimpaired	35.98619077864012	28.0	148.21495394657197	150	0.0	55047368.0
JS6355_2_trimunpaired	8.763276823197458	26.0	139.64062535844556	150	9.090909090909092	87182.0
JS6356_1_trimpaired	34.190147237062305	28.0	149.1327990504116	150	0.0	46613880.0
JS6356_1_trimunpaired	9.715234115985268	27.0	143.15381183395374	150	9.090909090909092	372065.0
JS6356_2_trimpaired	29.276409408801115	28.0	148.44032873899363	150	0.0	46613880.0
JS6356_2_trimunpaired	6.1947015477192195	26.0	138.428032331268	150	9.090909090909092	78438.0
JS6357_1_trimpaired	26.1644335089008	27.0	149.0831725072687	150	9.090909090909092	34618663.0
JS6357_1_trimunpaired	5.351178385525586	27.0	142.4258645536637	150	9.090909090909092	206089.0
JS6357_2_trimpaired	22.22406666207111	27.0	148.7839361964961	150	0.0	34618663.0
JS6357_2_trimunpaired	5.708863516162154	26.0	139.03493762249946	150	9.090909090909092	64286.0
JS6358_1_trimpaired	28.50101234250279	27.0	149.11588026066394	150	9.090909090909092	40472648.0
JS6358_1_trimunpaired	5.577343996870681	27.0	142.73510386278738	150	18.181818181818183	244409.0
JS6358_2_trimpaired	23.17968203968512	27.0	148.7197739816777	150	0.0	40472648.0
JS6358_2_trimunpaired	5.449809939462199	26.0	139.23126847810784	150	18.181818181818183	71030.0
JS6359_1_trimpaired	41.55381016384554	31.0	149.1108187591524	150	0.0	3467662.0
JS6359_1_trimunpaired	11.378182335371918	30.0	131.85272365239652	150	27.27272727272727	14062.0
JS6359_2_trimpaired	41.63663031580821	31.0	149.12843293262145	150	0.0	3467662.0
JS6359_2_trimunpaired	5.36940400988739	29.0	139.81131557264487	150	18.181818181818183	7282.0
JS6360_1_trimpaired	35.63507808962103	29.0	149.10812567388288	150	9.090909090909092	33132612.0
JS6360_1_trimunpaired	19.640353559732816	29.0	137.07632210834552	150	27.27272727272727	170750.0
JS6360_2_trimpaired	30.699674472907674	29.0	148.87627335267138	150	0.0	33132612.0
JS6360_2_trimunpaired	6.544473538046489	27.0	140.3616757914782	150	18.181818181818183	63015.0
JS6368_1_trimpaired	29.22524765283886	28.0	149.08957944131092	150	0.0	41949056.0
JS6368_1_trimunpaired	8.17869216990779	28.0	140.98390395809335	150	0.0	228317.0
JS6368_2_trimpaired	28.995591229431753	28.0	148.64145510211242	150	0.0	41949056.0
JS6368_2_trimunpaired	6.191187649078671	27.0	140.27611333909988	150	9.090909090909092	76302.0
JS6369_1_trimpaired	43.866176365793855	30.0	148.94158266548226	150	9.090909090909092	42720727.0
JS6369_1_trimunpaired	9.242170041649416	30.0	139.68358504952317	150	9.090909090909092	266239.0
JS6369_2_trimpaired	44.285042768960956	30.0	148.63155556786288	150	9.090909090909092	42720727.0
JS6369_2_trimunpaired	9.669980367103989	29.0	138.151962770212	150	18.181818181818183	96267.0
JS6370_1_trimpaired	25.242610877039866	28.0	149.0802988318256	150	0.0	43980590.0
JS6370_1_trimunpaired	4.7907902459709675	28.0	140.55281993533472	150	0.0	234438.0
JS6370_2_trimpaired	25.044403886130922	28.0	148.60535408915615	150	0.0	43980590.0
JS6370_2_trimunpaired	5.105389221556891	27.0	139.35930538922156	150	9.090909090909092	83500.0
SRR13154013_1_trimpaired	21.703950443640807	29.0	149.04559128908443	150	0.0	4239187.0
SRR13154013_1_trimunpaired	7.59068517689208	28.0	139.63225854605164	150	0.0	13398.0
SRR13154013_2_trimpaired	21.562154742618674	29.0	148.88255460304063	150	0.0	4239187.0
SRR13154013_2_trimunpaired	6.549154485525946	28.0	141.62955001433076	150	0.0	6978.0
SRR13154014_1_trimpaired	22.837142082721982	28.0	148.91944598488985	150	0.0	4181691.0
SRR13154014_1_trimunpaired	11.686190583464736	28.0	140.60154314034693	150	0.0	17756.0
SRR13154014_2_trimpaired	22.406985380421446	28.0	148.62170758193275	150	0.0	4181691.0
SRR13154014_2_trimunpaired	7.4360416080967155	27.0	141.29547371380377	150	0.0	7114.0
SRR13154015_1_trimpaired	24.623818490731367	28.0	148.98126938500815	150	0.0	32634433.0
SRR13154015_1_trimunpaired	10.796552574034791	28.0	139.88720067324613	150	0.0	130710.0
SRR13154015_2_trimpaired	24.39392112040734	28.0	148.69428474519535	150	0.0	32634433.0
SRR13154015_2_trimunpaired	6.760432324099924	27.0	139.71317371698518	150	0.0	55884.0
SRR13154016_1_trimpaired	22.900048936623392	28.0	148.97912307703726	150	0.0	35705645.0
SRR13154016_1_trimunpaired	3.9988212098991625	28.0	136.16956579311673	150	0.0	166142.0
SRR13154016_2_trimpaired	22.89832279764036	28.0	148.9307593519176	150	0.0	35705645.0
SRR13154016_2_trimunpaired	3.541192144054321	27.0	138.2470669130603	150	0.0	93076.0
SRR13154017_1_trimpaired	22.68832113416596	28.0	148.92488382121184	150	0.0	34897076.0
SRR13154017_1_trimunpaired	4.197590734138444	28.0	135.88474992582985	150	0.0	144937.0
SRR13154017_2_trimpaired	22.417376635006335	28.0	148.90090665475813	150	0.0	34897076.0
SRR13154017_2_trimunpaired	2.9227787322144394	27.0	138.75559446720408	150	0.0	90804.0
